[111111111111111111111111111111111111111111111111111111111111111111111111111111111111111111111111111]
[110010110000111011110100011001110101101000001000100110110001110011011100010010011000111001110010111]
[100000000100010000001000001101000001011000111001000010000001000000000110110000101000110000000000011]
[101000001011001000010001000000001001101000000000110100001110000100010101001000000001000000000110011]
[100011000000000000000100000010000010010000010000001000000010001010000000000100010100000000010001011]
[101010000000011000100000100000110000100000000100000000000000000101000000000000000001010001001000001]
[110000000001000100001000000010100101000001100010000000000000000000000010000000000010000110000010011]
[100010000000000001000010001000000000000000010010000011000000000000000000001110010000001100000001001]
[111000010000000100000010000101000000000000100000010001000000000000000000001000000100000000000010011]
[110100000000001010000001000000000000000111000000000000001000010100000001000000000000100000000010011]
[110010000100110000000001000000000010000000100000000100100000000000010100000000000000110000000001011]
[110100100000100000010000000000000000000000000100010000000001001010000001000000000000000100000001001]
[101000000000000000001000000000001010000000000000000100000000000000001000100000010000000000101001001]
[110000000000100001000000000000000000000000001000000000000000000000010001000011111000000000000010001]
[110000001000000110000000000100000001000000000000010100000100001000000000000000000001010001000100011]
[100000000010001000100000000000010000011000000000100000000110000000000001000000000000000000000010011]
[100000100000000100000000000000000001000000001001000000000110110001000000100010001000000100000001011]
[101000000000100000001001110000100000001000100000000000001000001000000100100000000000000000001001101]
[100100000101000000000100000000100000000100010000000000000000000100000000010000000010001100000010001]
[100100000000001000001010000001000000001000000000000000000000000000111000010100010000000000100000011]
[100000010000000010000000000001010001010010000000000000000000000000001000001010000100000001000000101]
[111100000000000001000000000100000010000000000000001000000000000100010000000000000000000000100010001]
[111001000000000100000000010001100100000000000110100011010000000010000010000001000000000000010001011]
[110100000100010000010100000100000000000010000000000100100000000000000001100000100001000000100000111]
[100011000001000000000001000110000000000000000000100000000000000000000010000000000011000000010000001]
[110000000000000100100000000000000100000010000000000000101010000101000000000000000000100010001000001]
[110010101000000001000000100000000000100000100000000000000000000100000000000100000010000001001001001]
[100010000000000000010000100000000000000000000000000000010000000000010000000001000100000000000000011]
[101010000000001000000000100000001000010000000000000000000000001010010000000000010000000000100100001]
[100100101000000000010011001000011000000001001000001000000010000010001000000000000000100000000001001]
[110000010100110000000000010000010000000000000000000000000000000000001000000010001000000001000101011]
[101010000000010000000000000001000000100000000000010010000001000010000000000000100100000000010001111]
[100001010011000000000001001001000000001000010000000000000000000000000101000010000000000111000001011]
[110000000100001000000000100001000000000101000000000000000100000000000010000000001001000000000000101]
[100010000000000001001000000100000000000000000000000000000000010000010000010100000001000000000100111]
[101000000100100000000000010000000000010000000000000000000000000000000101000000011000000000010011001]
[110000000000100001000000101000100001000000000000000000000000000010000000000001000000001001000001011]
[111000000100000000100000000000010010000000000000000000000000000001000000101000000001000000000000101]
[110100000000000001000000100010000001000000000000000000000000000000010000000000000010000000101010001]
[111000010000001010000000000000000000100000000000000000000000000100000000000000001000011000000001101]
[110000000001000000000000000100000000000000000001000000000000000000000100000000000010000000000000001]
[110011000010000000100000000000010000000000000000000000000000000000000000000001000000010000000000001]
[110000000010000000000000000000010000000000000000000000000000000000000000000010000100010000001000011]
[100011001000000000000001110000000100000000000000000000000000000000100000011100000000000000000000001]
[110000000001000000000101000000000000000000000000000000000000100000001000000000100000000010000001101]
[100000001010000000000010000000000000000000000000000000000000000000000000000011100000010000000000011]
[101100010000000000001000000100000000000000000000000000000000000001000001000000000000000000010000001]
[111010000010000000000000110000000000000000000000000000000000000000000100000000000000010001000000111]
[111000010000000000000000110000000000000000000000000000000000000100000000000000000001000100000000111]
[110000000010000000000000000011000000000000000000000000000000100000000000000000000000010000000100011]
[100000000100000000100000000000001000000000000000000000000000000001000000100000000000000000010100001]
[110010000000001000000000100000000000000000000000000000000000000000010000000100000001000000001000001]
[101000000000100100000101000000000000000000000000000000000000000000000000000001100000010000000000001]
[100010100000000001010000100000000000000000000000000000000000000000000000000001000001000000000000001]
[100000001001000010000000000000000000010000000000000000000000000000000000000001000100000000000000111]
[100000000000000010001010000000000000000000000000000000000000000000100010000000000000010000100000001]
[100000000100000001000010000000000000000000000000000000000000000000000000000100000001010000000010101]
[110000101100000010000000100010000000000000000000000000000000000000000000000001000001000000001101111]
[100000001000100000100001010000000000000000000000000000000000000000000000011000000000001000000010101]
[110100000000000000001000000000100000000000000000000000000000000000001000000000000000100000000001011]
[110000000110000000100001000000000000000000000000000000000000001000000000000000000001100010000010011]
[100000010011000000000000001000000010000000000000000000000000010000000000001001000000010000000000101]
[110001000000010000001000000010000000000000010000000000000000000000000001100000000001000011000010001]
[100100000000000010100000000010000000000000000000000000000000000000010000000000000001000100000010011]
[101000000000100000000000000000000001010000000000000000000000000000000000010000000000000000100000001]
[100000010011100000001101000000000000010000001000000000000000000000000000010000010010000000000000011]
[111000001010000000000000100010000001000000000000000000000000000100000000000000001010010000000010001]
[100010001000000100000000000100100000000000000000010000000001000000000000000000000110000000000011001]
[101100000000000000001100000000001000000000000000000000000000000001000001000000000001000000000010011]
[110000000000000010000010000011010000000000000000000000000000000001000011000000000000011000000100011]
[111011000000000000100000000010000000100000000000000000000000000000100000000000100000000100000100011]
[100010001000100001000000000001000000000100000001000000000000000000100100000001000000000000011100011]
[110000000000000100000010000000000100100000000000000100010100000000010000000100000001000001000000111]
[100000000000000001000000010000000000000000000110100000000110000000000010110001000000001100000000001]
[100100010000001000000000000101000000000000100000000000000000000110000000000010000000001001000000011]
[101000000010000010000000010100000000010010000000001010001000001000000001001001100000110000001000001]
[111010000000000101000000010010000000001001000000000000000001110000000000000100001000000000100001001]
[101000001100000000100000000000000000100010000000000000000000000000000100000010000000000010001000011]
[100000000100001010010000000010001010000000000000000111100000001000000000000000000100000000100000011]
[110000000000000000000010001010000001110001000000000000000000000000001000000000001000001001000000001]
[101010000010100001000000000000110000000000000100001000000000000000000000000000001000000001000000001]
[111000000000010000001010000000000100001000000001000010000000000011000010100000000000000100010000001]
[111100101000011000100001000101000001001000000000000000100001100001000000000000010000000010000000101]
[111100000000000100000000000000000000000110000000010000000000000000000000001000000100100000000001011]
[100000000100000000000000000110100000000000100000000000000100000001000000001100000100000000000000011]
[100100001001000000000010101000000000000000111010000001010011000000010000010000000100000100000100011]
[100001000000000000010000001000000000000000000000100100001001011000000001101000000000100001000100011]
[100100000000000000001001000001000000100000000000000000000000000000100000010000100000000000000110011]
[100000010000001000000000001100000100000100010001001000000100100000001100000000011001000000001000101]
[110000000000000010100000010000000000000001000000000000001000000000010000000001000000000000000000101]
[110000001100011000000000000000100000000000100000100000000000000100000000000101000010101000000000001]
[100100000010000010000100000000010000000000000000000000000000010100000000100000010000000000110000001]
[110100100000100100000000100000001011000000000100001001000100000000000001000001000100001000000110101]
[100100001000010000000000010010000000000001000000010001000000000000101110000000000001010110010000011]
[110100000001000100000000011010000000000000000000000100000000000000010001000000000000001000000001101]
[110011100000000000000001000000010001001000000001100000000000100010110000000000000000100001000010011]
[101001010000000010001100110000000010101000000010000010011101000000010000111101000000001000001010011]
[100011010101011001000100111100010100011110110001101100111010100100011001000100101110101000010111111]
[111111111111111111111111111111111111111111111111111111111111111111111111111111111111111111111111111]
